13239.069491000
13400.795509000
13400.797315000
13400.798958000
13692.842755000
13692.845058000
13692.847106000
13693.011285000
13693.012882000
13693.014340000
13693.720069000
13693.721493000
13693.723021000
13693.955972000
13693.957222000
13693.958553000
13694.813218000
13694.814398000
13694.815544000
13694.929178000
13694.929873000
13694.930567000
13695.014213000
13695.015544000
13695.016852000
13695.843437000
13695.844595000
13695.845822000
13695.937002000
13695.938090000
13695.939306000
13696.922049000
13696.923414000
13696.924907000
13724.852060000
13724.853229000
13724.854375000
13746.804306000
13746.806157000
13746.808056000
13748.792917000
13748.794398000
13748.795995000
13749.788623000
13749.790116000
13749.792535000
13750.798125000
13750.799815000
13751.835891000
13751.837558000
13751.839201000
13752.839711000
13752.842049000
13752.844271000
13753.804757000
13753.806435000
13753.807824000
13775.759433000
13775.760775000
13775.762245000
13776.798391000
13776.799757000
13776.801146000
13926.111759000
13926.112975000
13926.114352000
14279.124502000
14280.124514000
14295.105498000
14307.117141000
14307.118044000
14307.118958000
14309.103113000
14309.104387000
14310.102928000
14310.104062000
14311.080475000
14311.081655000
14312.077118000
14312.078229000
14313.066910000
14313.068009000
14314.062917000
14314.063947000
14315.101285000
14315.102894000
14335.989213000
14335.990405000
14339.105417000
14344.048843000
14396.800590000
14397.915903000
14398.935093000
14675.061157000
14675.061968000
14675.062859000
14718.024560000
14718.025498000
14718.026458000
14719.065590000
14719.066447000
14719.067269000
14720.079039000
14720.079942000
14720.080868000
14721.070949000
14721.071794000
14721.072639000
14722.120718000
14722.121782000
14722.122801000
14723.040914000
14723.041852000
14723.042789000
14724.010417000
14724.011366000
14724.012326000
14725.052870000
14725.053958000
14725.054815000
14727.069803000
14727.070775000
14727.071725000
14727.992523000
14727.993426000
14727.994306000
14777.929653000
14777.930660000
14777.931551000
14778.888762000
14778.890012000
14778.891169000
14779.916007000
14779.917072000
14779.918079000
14805.839977000
14805.840880000
14805.841829000
14806.788299000
14806.789109000
14806.789942000
14807.946620000
14807.947500000
14807.948368000
14808.910278000
14808.911088000
14808.911921000
14809.821053000
14809.821991000
14809.822928000
14810.801551000
14810.802789000
14810.803681000
14838.872184000
14838.873087000
14838.874013000
14838.874950000
14838.876026000
14838.876952000
14838.877867000
14838.878943000
14838.879846000
14838.880725000
14838.881616000
14838.883156000
14838.884220000
14838.885204000
14838.886223000
14838.887241000
14838.888260000
14838.889301000
14838.890748000
14838.891801000
14838.892854000
14838.893861000
14838.894880000
14838.896037000
14838.897125000
14864.874757000
14864.876354000
14864.878160000
15042.125106000
15042.125951000
15042.126807000
15049.050832000
15049.051746000
15049.053240000
15074.128400000
15074.129234000
15074.130079000
15075.144593000
15075.145878000
15075.146723000
15076.048546000
15076.049356000
15076.050201000
15077.041323000
15077.042157000
15077.043002000
15078.057851000
15078.058696000
15078.059553000
15079.061207000
15079.061936000
15079.062735000
15080.056761000
15080.057641000
15080.058521000
15081.066575000
15081.067444000
15081.068335000
15082.138499000
15082.139309000
15082.140131000
15083.139203000
15083.140210000
15083.141101000
15084.079672000
15084.080494000
15084.081327000
15085.020199000
15085.021055000
15085.022004000
15107.130651000
15107.131704000
15107.132665000
15110.009083000
15110.009997000
15110.010900000
15110.943508000
15110.948855000
15110.954897000
15134.055368000
15134.056340000
15134.057162000
15135.002621000
15135.003477000
15135.004299000
15135.005190000
15135.006047000
15135.007007000
15135.007864000
15135.008755000
15135.009947000
15135.010862000
15135.011764000
15136.091033000
15136.092896000
15171.823660000
15171.824655000
15171.825651000
15172.999540000
15173.000408000
15173.001265000
15174.033431000
15174.034415000
15174.035410000
15187.763032000
15187.764004000
15187.764942000
15188.828667000
15188.829581000
15188.830542000
15189.903884000
15189.904705000
15189.905539000
15190.705788000
15190.706714000
15190.707616000
15191.851359000
15191.852227000
15191.853083000
15192.896007000
15192.896852000
15192.897674000
15193.914070000
15193.915053000
15193.916026000
15196.857134000
15196.858002000
15196.858893000
15197.852324000
15197.853285000
15197.854303000
15198.932267000
15198.933644000
15198.934871000
15229.808654000
15229.809973000
15229.811258000
15231.799358000
15231.800353000
15231.801383000
15250.791768000
15250.792648000
15250.793528000
15251.792079000
15251.793097000
15251.794150000
15255.769470000
15255.770465000
15255.771356000
15256.803714000
15256.804883000
15256.806041000
15260.784420000
15260.785450000
15260.786515000
15284.738699000
15284.740146000
15284.741627000
15397.129780000
15397.130683000
15397.131539000
15400.044433000
15400.045324000
15400.046204000
15402.113697000
15402.118489000
15402.121221000
15405.132320000
15407.129432000
15407.130277000
15407.131076000
15411.117734000
15412.074455000
15413.118646000
15413.119676000
15413.120764000
15414.116215000
15414.119155000
15414.121041000
15415.127824000
15415.128842000
15415.129757000
15426.120827000
15426.121660000
15426.122471000
15427.067364000
15427.068198000
15427.069031000
15428.101916000
15428.102761000
15428.103629000
15428.985776000
15428.986945000
15428.988323000
15432.093043000
15432.093841000
15432.094652000
15432.121135000
15432.121922000
15432.122744000
15433.072047000
15433.072846000
15433.073807000
15433.118555000
15433.119376000
15433.120314000
15434.052984000
15434.053772000
15434.054674000
15435.059201000
15435.060162000
15435.060972000
15436.065452000
15436.066332000
15436.067339000
15437.084111000
15437.085026000
15437.085975000
15438.084494000
15438.085454000
15438.086299000
15439.047362000
15439.048890000
15439.049839000
15440.095733000
15440.096705000
15440.097712000
15441.071287000
15441.072086000
15441.073035000
15455.991827000
15455.992683000
15455.993551000
15464.945079000
15464.945890000
15464.946723000
15465.977085000
15465.977941000
15465.978925000
15466.959816000
15466.960927000
15466.961911000
15467.933056000
15467.933878000
15467.934815000
15469.007469000
15469.008418000
15469.009240000
15469.902266000
15469.903123000
15469.903956000
15471.994002000
15471.994870000
15471.995704000
15486.956687000
15486.957579000
15486.958493000
15489.929475000
15489.930598000
15489.931697000
15490.888102000
15490.888993000
15490.889896000
15500.948259000
15500.949219000
15500.950088000
15521.936473000
15521.937353000
15521.938232000
15522.994837000
15522.995694000
15522.996527000
15526.925832000
15526.926839000
15526.927846000
15528.854264000
15528.855630000
15528.856787000
15542.832807000
15542.833652000
15542.834497000
15544.881529000
15544.882628000
15544.883832000
15545.943792000
15545.944811000
15545.945794000
15584.721213000
15584.722046000
15584.722845000
15611.731936000
15611.732896000
15611.733903000
15633.725816000
15633.726835000
15633.727714000
15634.713621000
15634.714558000
15634.715496000
15636.715284000
15636.716175000
15636.717078000
15763.131693000
15763.132607000
15763.133510000
15769.127819000
15769.128768000
15769.129741000
15782.085445000
15782.086348000
15782.087228000
15783.108305000
15783.109220000
15783.110111000
15786.125171000
15786.126062000
15786.126988000
15790.113553000
15790.114364000
15790.115209000
15793.083914000
15793.084747000
15793.085592000
15795.094194000
15795.095074000
15795.095954000
15806.934945000
15806.936473000
15806.937769000
15811.075066000
15811.075864000
15811.076686000
15841.925622000
15841.926594000
15841.927636000
15842.870763000
15842.884155000
15842.887917000
15844.117594000
15844.119064000
15844.120465000
15851.973022000
15851.973786000
15851.974585000
15870.951416000
15870.952700000
15870.954043000
15878.100842000
15878.101976000
15878.103122000
15879.027456000
15879.028440000
15879.029459000
15902.952757000
15902.953625000
15902.954481000
15903.973663000
15903.974519000
15903.975410000
15904.839490000
15904.840323000
15904.841156000
15928.746023000
15928.746799000
15928.747574000
15960.865045000
15960.866411000
15960.867985000
15972.799145000
15972.800025000
15972.800927000
15992.737346000
15992.738388000
15992.739499000
15999.738356000
15999.739305000
15999.740277000
16144.142946000
16144.143814000
16144.144705000
16148.132227000
16148.133072000
16148.133986000
16154.074797000
16164.103663000
16164.104497000
16164.105342000
16166.113400000
16166.114279000
16166.115170000
16174.086581000
16174.087612000
16174.088665000
16203.032127000
16203.033122000
16203.034083000
16208.152686000
16208.153588000
16208.154468000
16318.750622000
16318.751560000
16318.752509000
16327.780815000
16327.781857000
16327.782898000
16493.131076000
16493.131910000
16493.132720000
16523.100980000
16523.101894000
16523.102843000
16524.103897000
16524.104812000
16524.105761000
16525.142142000
16525.143079000
16525.143982000
16526.111192000
16526.112060000
16526.112916000
16529.967715000
16529.968769000
16529.969949000
16531.088441000
16531.089344000
16531.090281000
16532.053682000
16532.054470000
16532.055280000
16533.061450000
16533.062237000
16533.063093000
16534.015973000
16534.016760000
16534.017524000
16548.064858000
16548.065668000
16548.066501000
16585.974089000
16585.975004000
16585.975907000
16589.061837000
16589.062647000
16589.063468000
16613.973918000
16613.974914000
16613.975863000
16637.872535000
16637.873415000
16637.874318000
16674.735956000
16674.736847000
16674.737692000
16881.085899000
16881.086721000
16881.087543000
16889.085096000
16889.085918000
16889.086763000
16893.070760000
16893.071582000
16893.072404000
16911.035138000
16911.046990000
16911.048298000
16911.049166000
17000.763005000
17000.763954000
17000.764880000
17002.778933000
17002.779801000
17002.780669000
17061.722497000
17061.723597000
17061.724581000
